locorum. 553

Cant. 3‚6 ,31. 261, 1. 31. 411, 5 2331351 . . . , . ,31.384, 15
3,11 . , , . , . ,31. 411, 5 6,12 ........ 1114, 8
4,8 ........ 123522 11,2,......31.11,4
4,12 . . . .1146, 16. 331, 21 11, 12 . . . . , . ,31.491, 18

31. 508, 21 12,10 , . , , , , ,31.411, 10

4,13 ........ 146,18 13, 2 ........ 1251, 3
,411 18. 31. 391, 6 113131. 3,,1. 5,11

5, 2 ........ 114,11 4, 2. 3,1. 463, 4
5, 23 ,1412 311331. 11,.3 651, 315 23. 360, 1
1,11 ........ 1411,11 1,10. ,31. 82, 2
1,12 ....... 31. 421, 4 ·1, 13 . , ,41325 31411, 14

Sap. 1, 13 , , .1311,18.418,12 1, 11(31. 15). . . . . 191,14
3,15 ........ 18, 6 1,18 ........ 128815
4, 8 .. 1420, 18. 31, 525, 1 2, 21 ,,.,,,.31. 112, 3
39 ........ mss 31 ........ ww
4,11 ,.,91,24,1402,8.31. 3,16.......31.431,2

136,10,404,4 3,.,20.,...,.314312
4,13 ........ 1465, 23 5,1. ...31 234,1
5,3,,....,31.152,11152113224411131
1, 26 . . 14261831. 48,11 446, 23
9,10.,...,.31.311,6 5,2sqq. ...013538
12, 5. . ,31. 315, 1 5, 5 ........ 111,6 18

Eccli. 4, 26 (31) ,31 121,13 5, 1. 31. 353, 8. 446, 15
1, 21 (29) sq 3,1. 430, 2 6, 1, ,31. 26, 1. 111, 25
9,13(20)..,1.31.144,3 6 2 314112
11, 29 (31) , . , . ,31. 819, 1 6, ........ 3331
14,22..,.,..31.509,1 6, ...31215
25, 20 (21) . , , . ,31. 514, 21 6, . ,31. 143, 21
25,24(33) . . . , ,31.514, 21 6, ,. 3,,1481 13
28, 24 (28) ...... 1116, 24 1, 3. ..31.288, 13
29, 12 (15) . , , . , ,1325 26 1,14.143,15,50,12. 521.
43, 32 (36) . , . . ,31. 2211 266, 20. 31 84,15

Os. 7, 11 , . . . . . . .1445, 15 1,16 ........ 1131, 10
10, 8 . , . , . ,31. 112, 35 8, 4 ,,,,,,,, 1131,12

Αῐῐι.1,14...,,,.1404,24 8,14..,....31.81,12
8,11 , , . , , . ,31.460, 10 18,18 ,,., 235, 24. 420, 26

111313.5,2,..,...1124,14 3,1.2,..,...160,13
6, 3 ........ 126514 9, 2 ........ 31818

13321 . . . . . . ,31. 323, 25 19, 6 , 35, 24. 11, 18. 104, 4,
3, 5 , . . , , , ,31. 323, 14 12,420,12.491,19.31.

Μ33,ΗΗ3Μ33 33Μ34
33Η. mmmm 33 ........ *33

3333Η.Η.333331Η.Λ3333
w

 

